10 0 33 50
43 0 30 50
73 0 30 50
103 0 35 50
138 0 27 50
165 0 26 50
191 0 34 50
225 0 34 50
259 0 14 50
273 0 22 50
295 0 31 50
326 0 26 50
352 0 42 50
10 50 35 50
45 50 36 50
81 50 29 50
110 50 36 50
146 50 30 50
176 50 27 50
203 50 27 50
230 50 34 50
264 50 32 50
296 50 44 50
340 50 31 50
371 50 30 50
401 50 29 50
10 100 26 50
36 100 30 50
66 100 23 50
89 100 30 50
119 100 26 50
145 100 18 50
163 100 29 50
192 100 29 50
221 100 14 50
235 100 17 50
252 100 28 50
280 100 14 50
294 100 43 50
10 150 29 50
39 150 29 50
68 150 30 50
98 150 30 50
128 150 19 50
147 150 22 50
169 150 18 50
187 150 29 50
216 150 27 50
243 150 38 50
281 150 26 50
307 150 26 50
333 150 23 50
356 150 28 50
384 150 25 50
