0, 1 0 0 0. 0.5 0.5 0.5 0. 0 0 0 0.25 0.25 0 0 0 0 0 1000 128 3 1. 1. 1. 1. 0 1 0 0 0 0.26 0.045 0 0 0 1 -1 0 0.01 1 1 0;
1, 1 0.5 0 0.03 0.5 0.6 0.5 0. 0.1 0. 0 0.25 0.25 0 0 0 0 0 1000 128 3 1. 1. 1. 1. 0 1 0 0 0 0.26 0.045 0 0 0 1 -1 0 0.01 1 1 0;
2, 1 6. 0 0.007 0.5 0.6 0.8 0. 0.1 0. 0 0.25 0.25 0 0 0 0 0 1000 128 3 1. 1. 1. 1. 0 1 0 0 0 0.204 0.023 0 0 0 1 -1 0 0.01 1 1 0;
3, 1 3.27 100 0.025 0.5 0.5 0.5 0. 0 0. 0 0.25 0.25 0 0 2000 100 0 1000 128 3 1 1 1 1. 0 1 0 0 0 0.086 0.055 0 0 0 1 -1 0 0.0036 0 1 0;
4, 1 0 0 0. 0.5 0.5 0.5 0. 0 1. 0 0.25 0.25 0 0 0 0 0 1000 128 3 1. 1. 1. 1. 0 1 0 0 0 0.26 0.045 0 0 0 1 -1 0 0.01 1 1 0;
5, 1 4.7 0 0.1 0.5 0.5 0.5 0. 1. 1. 0 0.25 0.25 0 0 1000 0 0 1000 128 3 1. 1. 1. 1. 0 1 0 0 0 0.133 0.003 0 0 0 1 -1 0.01 0.01 1 1 0;
6, 1 3.27 100 0.1 0.5 0.5 0.5 0. 0 0. 0 0.25 0.25 0 0 1000 100 0 1000 128 2.2 0.1 0.1 0.1 1. 0 1 0 0 0 0.086 0.055 0.8 0 0 1 -1 0 0.0036 0 1 0;
7, 1 7 0 0.2 0.5 0.5 0.5 0. 0 0. 0 0.25 0.25 0 2 100 100000 0 1000 128 3 0.001 0.001 0.001 1. 0 1 0 0 0 0.086 0.015 0 0 10 1 -1 0 0.01 0 1 0;
8, 1 6. 0 0.0035 0.5 0.6 0.8 0. 0.1 0. 0 0.25 0.25 0 0 1000 0 0 1000 128 3 1. 1. 1. 1. 0 1 0 0 0 0.204 0.023 0 0 0 1 -1 0 0.01 1 1 0;
9, 1 0.716 100 0.001 0.5 0.5 0.5 0. 0 0. 0 0.25 0.25 0 0 200 100 0 1000 128 3 1 1 1 1. 0 1 0 0 0 0.086 0.055 0 0 0 1 -1 0 0.0036 0 1 0;
10, 1 6 100 0.03 0.5 0.5 0.5 6.4 0 0. 0 0.25 0.25 0 0 1000 0 0 1000 128 3 1 1 1 1. 0 1 0 0 0 0.125 0.031 0 0 0 1 -1 0 0.0036 0 1 0.133;


paix 3
confiance 5
plainte 10
peur 9
mort de peur 8