INDEX / NAME / NB BEATS AT .25s per BEAT (240 bps): ISO.CEILING(LENGTH_IN_BEATS) / LENGTH_IN_SEC / LENGTH_IN_BEATS (FLOAT: 4*LENGTH_IN_SEC)

0		part1-001		1				0.12	0.48
1		part1-002		1				0.14	0.56
2		part1-003		1				0.18	0.72
3		part1-004		1				0.15	0.6
4		part1-005		1				0.17	0.68
5		part1-006		1				0.1	0.4
6		part2-001		1				0.12	0.48
7		part2-002		1				0.1	0.4
8		part2-003		1				0.06	0.24
9		part2-004		1				0.07	0.28
10		part2-005		1				0.1	0.4
11		part2-006		1				0.11	0.44
12		part2-007		1				0.14	0.56
13		part2-008		1				0.14	0.56
14		part2-009		1				0.17	0.68
15		part2-010		1				0.14	0.56
16		part2-011		1				0.12	0.48
17		part2-012		1				0.19	0.76
18		part2-013		1				0.13	0.52
19		part2-014		1				0.14	0.56
20		part2-015		1				0.1	0.4
21		part3-001		4				0.88	3.52
22		part3-002		4				0.97	3.88
23		part3-003		4				0.93	3.72
24		part3-004		4				0.94	3.76
25		part3-005		1				0.1	0.4
26		part3-006		2				0.27	1.08
27		part3-007		3				0.54	2.16
28		part3-008		11				2.62	10.48
29		part3-009		1				0.05	0.2
30		part3-010		1				0.07	0.28
31		part3-011		6				1.32	5.28
32		part3-012		1				0.18	0.72
33		part3-013		5				1.25	5
34		part3-014		4				0.98	3.92
35		part3-015		16				4	16
36		part3-016		16				4	16

